5.146983638405799866e-02 3.082339763641357422e-01 -7.493485212326049805e-01 -3.127825260162353516e-02 -5.490676760673522949e-01 -7.246033847332000732e-02 -4.857162237167358398e-01 -9.604683518409729004e-01 3.734321296215057373e-01 8.247172832489013672e-01 1.380789577960968018e-01 -1.445813477039337158e-01 6.169943884015083313e-02 -4.407706856727600098e-01 5.312398672103881836e-01 -1.545783579349517822e-01
2.565767168998718262e-01 -1.276323497295379639e-01 7.150225639343261719e-01 -7.884149551391601562e-01 2.636057324707508087e-02 1.569431424140930176e-01 2.854790911078453064e-02 7.985689043998718262e-01 3.721139132976531982e-01 -6.865745782852172852e-01 6.188696995377540588e-02 -1.577651649713516235e-01 1.167440652847290039e+00 4.259564578533172607e-01 4.131330251693725586e-01 -1.247633323073387146e-01
1.932852119207382202e-01 8.465259671211242676e-01 4.232977926731109619e-01 1.101562902331352234e-01 1.414666920900344849e-01 5.541507005691528320e-01 -2.795306146144866943e-01 7.891193032264709473e-02 -2.014970779418945312e-01 2.987953424453735352e-01 -3.740588724613189697e-01 -4.390061497688293457e-01 -2.041138149797916412e-02 -4.253269433975219727e-01 8.990373611450195312e-01 -2.313840836286544800e-01
3.713375926017761230e-01 -1.497347652912139893e-01 4.656161367893218994e-01 -3.606719970703125000e-01 1.421520411968231201e-01 1.643739044666290283e-01 -5.527537688612937927e-02 -2.090187221765518188e-01 -8.859539777040481567e-02 -6.636542081832885742e-01 1.002816036343574524e-01 -6.180633306503295898e-01 -1.306416094303131104e-01 1.849621385335922241e-01 -5.531221628189086914e-01 -2.932991683483123779e-01
3.907765150070190430e-01 3.174472749233245850e-01 4.087628424167633057e-01 3.118886649608612061e-01 -3.262407183647155762e-01 1.836027354001998901e-01 2.478704005479812622e-01 -5.071533918380737305e-01 7.843689322471618652e-01 -2.630511224269866943e-01 2.848657965660095215e-01 -1.868883520364761353e-01 3.694816306233406067e-02 -3.758902847766876221e-01 -2.338370382785797119e-01 9.701634943485260010e-02
2.511176466941833496e-01 -2.029699683189392090e-01 3.333940505981445312e-01 1.850137114524841309e-01 4.278088919818401337e-03 -5.798707157373428345e-02 7.918960601091384888e-02 3.404223173856735229e-02 -7.616577297449111938e-02 -1.556978374719619751e-01 -1.629897803068161011e-01 1.928368657827377319e-01 -4.683478772640228271e-01 -4.716823399066925049e-01 -2.424614131450653076e-01 -2.417748272418975830e-01
-4.473997950553894043e-01 -4.071896374225616455e-01 -5.089344382286071777e-01 2.049241662025451660e-01 -7.071910500526428223e-01 5.552821755409240723e-01 -3.105085492134094238e-01 -3.398174941539764404e-01 4.945607185363769531e-01 1.009127348661422729e-01 3.196468204259872437e-02 5.901465415954589844e-01 -4.101447463035583496e-01 -3.009521365165710449e-01 4.865612089633941650e-01 -4.491140693426132202e-02
5.259054899215698242e-01 2.551702558994293213e-01 2.239321619272232056e-01 2.643185853958129883e-01 -4.478963091969490051e-03 4.349056780338287354e-01 1.022396206855773926e+00 -8.036659359931945801e-01 -6.335956454277038574e-01 6.484914422035217285e-01 -1.859873682260513306e-01 1.649969220161437988e-01 1.053706556558609009e-01 1.778396591544151306e-02 -6.539219617843627930e-01 4.351360723376274109e-02
1.299506723880767822e-01 3.890411853790283203e-01 -4.597050249576568604e-01 -8.303717523813247681e-02 5.263667702674865723e-01 -9.680063128471374512e-01 -2.764783203601837158e-01 -2.081516012549400330e-02 1.755644232034683228e-01 -2.373586408793926239e-02 1.844460964202880859e-01 -2.003562599420547485e-01 6.394221186637878418e-01 -1.051397845149040222e-01 -6.024978160858154297e-01 -5.016161501407623291e-02
4.801550209522247314e-01 8.236752450466156006e-02 1.182505264878273010e-01 -7.713894546031951904e-02 5.469191670417785645e-01 -8.424463272094726562e-01 1.356821507215499878e-01 -1.058709248900413513e-01 4.864393174648284912e-01 5.407958626747131348e-01 1.222174614667892456e-01 3.437642157077789307e-01 -1.057734712958335876e-01 2.528907656669616699e-01 -2.661467790603637695e-01 1.933753490447998047e-01
-1.393002420663833618e-01 2.498826980590820312e-01 2.953784763813018799e-01 -1.346337944269180298e-01 -1.265252530574798584e-01 -8.079450577497482300e-02 -5.028031468391418457e-01 3.894530236721038818e-01 4.660097360610961914e-01 -8.761329054832458496e-01 -3.344483673572540283e-01 -1.552688479423522949e-01 4.301960468292236328e-01 1.968290098011493683e-02 7.099372334778308868e-03 -2.623494565486907959e-01
-1.638513654470443726e-01 -6.128970384597778320e-01 -5.191934481263160706e-02 2.069713771343231201e-01 -4.602372646331787109e-01 -3.083286583423614502e-01 -3.035577535629272461e-01 -1.480977982282638550e-01 1.142466366291046143e-01 -3.648270666599273682e-01 3.838710188865661621e-01 -8.331229910254478455e-03 -1.820450872182846069e-01 7.338902354240417480e-02 4.324800670146942139e-01 -1.001682728528976440e-01
1.631654053926467896e-01 -7.276354730129241943e-02 1.228817254304885864e-01 -4.238343238830566406e-01 -6.463617086410522461e-01 5.729376673698425293e-01 -7.190712094306945801e-01 1.564337499439716339e-02 2.384891808032989502e-01 2.790226340293884277e-01 3.480244278907775879e-01 8.964488506317138672e-01 -1.577090770006179810e-01 2.364451251924037933e-02 -6.101877894252538681e-03 -3.775008916854858398e-01
-8.788639903068542480e-01 -1.412990838289260864e-01 5.615040063858032227e-01 -6.692045927047729492e-02 2.562396526336669922e-01 -1.413801033049821854e-02 1.798071265220642090e-01 2.410865128040313721e-01 4.531158208847045898e-01 4.376775324344635010e-01 3.988579213619232178e-01 4.606311619281768799e-01 -5.345273017883300781e-01 3.087557256221771240e-01 7.010443806648254395e-01 -1.249021738767623901e-01
4.032621085643768311e-01 -5.785984396934509277e-01 8.360821753740310669e-02 -1.437271237373352051e-01 3.947221934795379639e-01 -1.975327730178833008e-02 -4.000679850578308105e-01 7.754573971033096313e-02 8.258798718452453613e-01 -2.511514909565448761e-02 1.214351207017898560e-01 9.896146506071090698e-02 -2.499880194664001465e-01 -1.901338994503021240e-01 1.127922534942626953e-02 8.629284799098968506e-02
7.352421283721923828e-01 -6.858734488487243652e-01 -1.177288144826889038e-01 -1.210370063781738281e-01 -4.141355156898498535e-01 3.012851774692535400e-01 -4.164719209074974060e-02 2.684048749506473541e-02 -2.383296750485897064e-02 7.008775472640991211e-01 4.549040496349334717e-01 -7.999479174613952637e-01 6.767832040786743164e-01 6.690927743911743164e-01 1.001833751797676086e-01 -1.017601266503334045e-01
