-2.139506787061691284e-01 7.024004459381103516e-01 -4.308035969734191895e-01 -1.353830248117446899e-01 4.830182194709777832e-01 -4.542232751846313477e-01 -4.025136232376098633e-01 -5.406041741371154785e-01 3.114699423313140869e-01 -1.147749051451683044e-01 7.382597327232360840e-01 -1.952327042818069458e-01 -2.259526550769805908e-01 -4.560964107513427734e-01 -2.848263680934906006e-01 -1.309266239404678345e-01
-7.501407712697982788e-02 -6.330444216728210449e-01 -2.325398921966552734e-01 4.428367316722869873e-01 -4.423490464687347412e-01 1.922339648008346558e-01 2.050309926271438599e-01 6.327676773071289062e-01 -6.934491395950317383e-01 -8.852224797010421753e-02 -1.457027345895767212e-01 -5.566081404685974121e-02 -5.629505515098571777e-01 -1.521807760000228882e-01 -8.212930522859096527e-03 7.713986635208129883e-01
-3.521118462085723877e-01 5.048068761825561523e-01 4.256931841373443604e-01 7.293391972780227661e-02 3.902483582496643066e-01 3.032352626323699951e-01 -2.649119198322296143e-01 4.485199749469757080e-01 -3.261340856552124023e-01 -1.474444270133972168e-01 3.009584844112396240e-01 -4.817581176757812500e-01 1.363378316164016724e-01 -1.274479627609252930e-01 -4.924378991127014160e-01 4.130636900663375854e-02
2.246762365102767944e-01 2.447528988122940063e-01 2.585512995719909668e-01 2.717140316963195801e-01 -5.433759093284606934e-01 2.197529971599578857e-01 -1.452814489603042603e-01 -5.325819253921508789e-01 2.285384237766265869e-01 -3.404082059860229492e-01 -2.847634255886077881e-01 -4.519540071487426758e-01 -1.177281662821769714e-01 1.713049113750457764e-01 -2.714335024356842041e-01 1.019940495491027832e+00
-5.912700295448303223e-02 -2.379953265190124512e-01 1.522274464368820190e-01 -7.126187905669212341e-03 -4.682577848434448242e-01 -6.507142912596464157e-03 -5.371071696281433105e-01 -3.190717697143554688e-01 5.014194250106811523e-01 5.095016956329345703e-01 3.550948798656463623e-01 9.277830272912979126e-02 5.532916635274887085e-02 5.220108032226562500e-01 4.817465543746948242e-01 -2.680387794971466064e-01
-1.167338490486145020e-01 4.440868198871612549e-01 -4.387167394161224365e-01 1.385015994310379028e-01 1.825526952743530273e-01 -7.227213680744171143e-02 2.064372152090072632e-01 -5.385426282882690430e-01 3.355582356452941895e-01 -1.192091107368469238e-01 -5.245707035064697266e-01 2.987505793571472168e-01 1.130341440439224243e-01 -3.904395997524261475e-01 3.853604495525360107e-01 4.840886294841766357e-01
-3.686130940914154053e-01 1.065041273832321167e-01 -5.764827132225036621e-01 3.396788835525512695e-01 4.386519491672515869e-01 -4.381401240825653076e-01 -4.218518137931823730e-01 4.628794491291046143e-01 5.693640708923339844e-01 3.875525891780853271e-01 8.550869673490524292e-02 -2.188230752944946289e-01 -4.838537275791168213e-01 -4.302845299243927002e-01 -4.409452974796295166e-01 -3.188968598842620850e-01
2.452031224966049194e-01 -2.587900757789611816e-01 -1.887169182300567627e-01 3.653917908668518066e-01 -3.489604592323303223e-01 3.998122811317443848e-01 5.926920175552368164e-01 2.783086299896240234e-01 2.821190357208251953e-01 -3.656078875064849854e-01 1.486463695764541626e-01 -2.866781651973724365e-01 8.817291259765625000e-01 3.202905952930450439e-01 -9.484504908323287964e-02 -4.894887804985046387e-01
5.584166646003723145e-01 -1.234072297811508179e-01 -3.627731502056121826e-01 -5.202705860137939453e-01 4.739907383918762207e-01 -7.067792117595672607e-02 2.820021212100982666e-01 -1.883028149604797363e-01 1.175514459609985352e-01 2.048124521970748901e-01 5.199040099978446960e-02 1.892808973789215088e-01 4.704280197620391846e-01 -5.376655459403991699e-01 -5.783891677856445312e-02 6.011353731155395508e-01
-3.044107556343078613e-01 -1.813485324382781982e-01 1.725508719682693481e-01 3.650642931461334229e-01 4.296588301658630371e-01 -8.616267144680023193e-02 4.479619860649108887e-01 -5.081694722175598145e-01 -5.134075880050659180e-01 2.215221226215362549e-01 -3.988893628120422363e-01 -6.896176375448703766e-03 7.489717751741409302e-02 5.549054145812988281e-01 4.904498457908630371e-01 1.021145358681678772e-01
