5.362983420491218567e-02 2.641258537769317627e-01 -6.518172025680541992e-01 -3.515657037496566772e-02 -5.388072729110717773e-01 -1.667627990245819092e-01 -4.746583700180053711e-01 -8.326712846755981445e-01 3.049913644790649414e-01 8.072980642318725586e-01 1.292294263839721680e-01 -1.667652279138565063e-01 -3.534993389621376991e-03 -3.701320290565490723e-01 4.746912717819213867e-01 -1.191505119204521179e-01
2.327155023813247681e-01 -1.617227345705032349e-01 6.183575391769409180e-01 -7.161910533905029297e-01 1.495355274528264999e-02 9.411232173442840576e-02 -2.355124615132808685e-02 6.308948993682861328e-01 4.298450648784637451e-01 -7.086222767829895020e-01 5.357016995549201965e-02 -1.823627948760986328e-01 1.079887270927429199e+00 3.800417184829711914e-01 3.827218115329742432e-01 -1.307811737060546875e-01
1.166820153594017029e-01 7.423138022422790527e-01 3.486922681331634521e-01 1.340692192316055298e-01 1.279070675373077393e-01 4.814135432243347168e-01 -2.983607649803161621e-01 7.016049325466156006e-02 -1.095821708440780640e-01 2.601309120655059814e-01 -3.567928075790405273e-01 -4.042093753814697266e-01 1.836709864437580109e-02 -3.563851118087768555e-01 8.966293931007385254e-01 -1.477108299732208252e-01
3.714562654495239258e-01 -1.496371030807495117e-01 4.657500982284545898e-01 -3.606719970703125000e-01 1.421520411968231201e-01 1.644050776958465576e-01 -5.527537688612937927e-02 -2.090187221765518188e-01 -8.849717676639556885e-02 -6.636292934417724609e-01 1.002665907144546509e-01 -6.180571913719177246e-01 -1.303338855504989624e-01 1.849459558725357056e-01 -5.531221628189086914e-01 -2.932538688182830811e-01
3.208658993244171143e-01 2.795485556125640869e-01 3.868450820446014404e-01 2.466402798891067505e-01 -2.675519585609436035e-01 2.522237300872802734e-01 1.295965760946273804e-01 -4.625849723815917969e-01 6.776530742645263672e-01 -2.744404077529907227e-01 2.870227694511413574e-01 -1.620855480432510376e-01 1.555669009685516357e-01 -2.396658509969711304e-01 -2.081588208675384521e-01 7.688294351100921631e-02
2.501690387725830078e-01 -2.033443599939346313e-01 3.333881795406341553e-01 1.848473101854324341e-01 3.663581563159823418e-03 -5.802551656961441040e-02 7.872743159532546997e-02 3.344874083995819092e-02 -7.717630267143249512e-02 -1.564233601093292236e-01 -1.632139831781387329e-01 1.919103562831878662e-01 -4.686999619007110596e-01 -4.716823399066925049e-01 -2.424650937318801880e-01 -2.417748272418975830e-01
-3.534270524978637695e-01 -3.789752423763275146e-01 -5.069059133529663086e-01 1.543367803096771240e-01 -6.562197208404541016e-01 4.885316193103790283e-01 -3.578232228755950928e-01 -3.766945898532867432e-01 4.263482689857482910e-01 1.458205580711364746e-01 8.873440325260162354e-02 5.366534590721130371e-01 -4.394722282886505127e-01 -2.962573468685150146e-01 4.716773331165313721e-01 -5.046096816658973694e-02
4.589968919754028320e-01 2.424904257059097290e-01 2.874971330165863037e-01 2.008470147848129272e-01 1.269183587282896042e-02 3.951700627803802490e-01 9.792625308036804199e-01 -7.700691223144531250e-01 -5.509918332099914551e-01 6.255239844322204590e-01 -1.537576913833618164e-01 2.658665180206298828e-01 4.981350153684616089e-02 8.094776421785354614e-03 -5.544002652168273926e-01 6.389600038528442383e-02
1.867387145757675171e-01 4.488089680671691895e-01 -4.216668009757995605e-01 -4.161968827247619629e-03 4.555664062500000000e-01 -9.037496447563171387e-01 -2.975821197032928467e-01 3.084916435182094574e-02 2.499415427446365356e-01 -2.566672116518020630e-02 1.723915189504623413e-01 -1.959559023380279541e-01 6.077129244804382324e-01 -9.711822867393493652e-02 -5.642992258071899414e-01 -6.763615459203720093e-02
3.981434106826782227e-01 6.935882568359375000e-02 1.482159197330474854e-01 -9.435959905385971069e-02 4.843405485153198242e-01 -7.314781546592712402e-01 1.002458930015563965e-01 4.670400172472000122e-02 3.937286734580993652e-01 5.702550411224365234e-01 9.973494708538055420e-02 3.586524128913879395e-01 -3.399125486612319946e-02 2.540071308612823486e-01 -2.614725828170776367e-01 1.319312006235122681e-01
-1.260172277688980103e-01 2.279539853334426880e-01 3.105491399765014648e-01 -2.263936251401901245e-01 -1.329418271780014038e-01 -4.418246075510978699e-02 -4.285764694213867188e-01 3.727031648159027100e-01 3.855392038822174072e-01 -8.318830728530883789e-01 -2.947354614734649658e-01 -7.306211441755294800e-02 3.402591943740844727e-01 4.154350608587265015e-02 2.343243174254894257e-02 -2.429853528738021851e-01
-1.717168241739273071e-01 -6.131579279899597168e-01 -5.143039301037788391e-02 2.059790939092636108e-01 -4.595632851123809814e-01 -3.083610832691192627e-01 -3.020432293415069580e-01 -1.474221348762512207e-01 1.018237397074699402e-01 -3.848783373832702637e-01 3.732098639011383057e-01 -2.734947192948311567e-04 -2.000088244676589966e-01 7.024499028921127319e-02 4.147245585918426514e-01 -9.988036751747131348e-02
8.150883018970489502e-02 -6.801946461200714111e-02 1.004956439137458801e-01 -3.182054758071899414e-01 -6.440991163253784180e-01 5.224249958992004395e-01 -6.375843286514282227e-01 -2.197175472974777222e-02 3.208904266357421875e-01 2.400334477424621582e-01 2.799049019813537598e-01 8.222512006759643555e-01 -1.666986793279647827e-01 5.023732781410217285e-02 -5.958175170235335827e-04 -3.429808616638183594e-01
-8.095316886901855469e-01 -1.067198738455772400e-01 5.122500061988830566e-01 -1.016194224357604980e-01 2.492051273584365845e-01 1.350423879921436310e-02 1.380717605352401733e-01 2.556661069393157959e-01 4.420620799064636230e-01 3.616651594638824463e-01 3.491545915603637695e-01 4.503580927848815918e-01 -5.276018977165222168e-01 2.590788602828979492e-01 6.789267063140869141e-01 -1.318527311086654663e-01
3.267513215541839600e-01 -5.474518537521362305e-01 2.638921700417995453e-02 -1.871377825736999512e-01 3.607294857501983643e-01 2.166509069502353668e-02 -3.552895784378051758e-01 1.040147542953491211e-01 8.126072287559509277e-01 -5.967414751648902893e-02 1.075893491506576538e-01 1.385614275932312012e-01 -2.309525460004806519e-01 -1.806669086217880249e-01 -4.278236301615834236e-04 4.646462574601173401e-02
7.189209461212158203e-01 -6.241618990898132324e-01 -1.048960536718368530e-01 -9.836738556623458862e-02 -3.946946859359741211e-01 3.178177177906036377e-01 3.481617569923400879e-02 -7.172293215990066528e-02 2.266033086925745010e-03 6.508513689041137695e-01 4.112965464591979980e-01 -7.381527423858642578e-01 6.588923931121826172e-01 5.507407784461975098e-01 1.093894988298416138e-02 -1.049726232886314392e-01
